5.761570147670488362e-01
7.323804864048188978e-01
8.631897306736815434e-01
9.091217102643471826e-01
1.007175632778943619e+00
9.794003267825670545e-01
9.898454566872716409e-01
1.027174739840323259e+00
1.041860848412000440e+00
1.026681931301641537e+00
1.026897082780362069e+00
1.030418684795380235e+00
1.016598745025813377e+00
1.037163152711030323e+00
1.050604666237641371e+00
1.043163525512469825e+00
1.062056005234457867e+00
1.077940077347293357e+00
1.072113462061666134e+00
1.045144595054812608e+00
1.054112460726079892e+00
1.048777310873223012e+00
1.069724510601370415e+00
1.049912485036665011e+00
1.049602914162749867e+00
1.052006069321187898e+00
1.051796400398754994e+00
1.048678337497873647e+00
1.076711827426980683e+00
1.054723260652747241e+00
1.045490655320851392e+00
1.031389455831222435e+00
1.032757429177767694e+00
1.051641789522754111e+00
1.046716438570722163e+00
1.028415765545100946e+00
1.055136215564179025e+00
1.045757943931713951e+00
1.037086300609626921e+00
1.042560398016041612e+00
1.038567480897560680e+00
1.028065865463128503e+00
1.027547554800232410e+00
1.043790357261459079e+00
1.036532995970457893e+00
1.035398008675435078e+00
1.033321677617109025e+00
1.027965025521159870e+00
1.032970586701379201e+00
1.035473567070714696e+00
1.034565764635817953e+00
1.035590842770766296e+00
1.025575096344391701e+00
1.017776752242327554e+00
1.035612751085781991e+00
1.032121427421288651e+00
1.027465321946724686e+00
1.029187443947305436e+00
1.028519590723059318e+00
1.032791021085077254e+00
1.041875190963037046e+00
1.035960495099970791e+00
1.026893797471602143e+00
1.023230745469256853e+00
1.024317956012438025e+00
1.025075786270776890e+00
1.037126065337787173e+00
1.034907841012394414e+00
1.019887893352389163e+00
1.020168988160254253e+00
1.018494467045195417e+00
1.027383893268114523e+00
1.026003004830611687e+00
1.017019852806992031e+00
1.016179371737645276e+00
1.015338911311121084e+00
1.014498430241774329e+00
1.013657949340255549e+00
1.012817468270909016e+00
1.010672787612531653e+00
1.008909780430948810e+00
1.006942480759965175e+00
1.005520540289177589e+00
1.008663853597283167e+00
1.011707094269084228e+00
1.016662544451806260e+00
1.015948315346447028e+00
1.008961500601829986e+00
1.010574686452051285e+00
1.014727143567666356e+00
1.009707513456900241e+00
9.992666428701932890e-01
9.996609023905277391e-01
1.004320073181281581e+00
9.988542881328030809e-01
1.005829387764299643e+00
1.004174773904370266e+00
9.983419057433498001e-01
1.009896809421874986e+00
1.005259351633027043e+00
1.003664035667817700e+00
1.007759178371179454e+00
1.020418160475476954e+00
1.003743936196255016e+00
9.982285978787587277e-01
9.980632184147486541e-01
9.978978389177155517e-01
9.977324614681138959e-01
9.975670819710807935e-01
9.974017024740476911e-01
9.972363230100376175e-01
9.970709435130045151e-01
9.969055640489944414e-01
9.967401865663697569e-01
9.965748070693365435e-01
9.964094276053265808e-01
9.988806925845225004e-01
1.005672661422125636e+00
1.005283966781546745e+00
1.000935565929689464e+00
9.999205184041141115e-01
1.003198586568049278e+00
9.991407100354358084e-01
9.938082132143893910e-01
9.969075619204154082e-01
9.929599109135991419e-01
9.942689462624794139e-01
9.947577244335203961e-01
9.930898038743042333e-01
9.929770544197514814e-01
9.996732124222907911e-01
9.965731044007546391e-01
9.985989616842010363e-01
9.974481027007511269e-01
9.981223584176222019e-01
9.963552351378328620e-01
9.955086799743158021e-01
9.990666462604744780e-01
9.994234904614661685e-01
9.997803258982133068e-01
1.000137161406214448e+00
1.000494005607206249e+00
1.000850841043953388e+00
1.001207685244945189e+00
1.001564520681692327e+00
1.001921356189693579e+00
1.002278200390685159e+00
1.002635035827432297e+00
1.002991880028424099e+00
1.003348715465171237e+00
1.003705550973172489e+00
1.004062386481173519e+00
1.004419230610911429e+00
1.004776066118912459e+00
1.005132910248650369e+00
1.005489745756651399e+00
1.005846581264652650e+00
1.006203425394390338e+00
1.006711570748425100e+00
1.015730241346999962e+00
1.012003569668755265e+00
1.001352325937397314e+00
1.005832731022532345e+00
1.011825961450248723e+00
1.006049170524735192e+00
1.009408680368592215e+00
1.001950435384379556e+00
1.006226066117873907e+00
1.003984509746160381e+00
1.003895200505197094e+00
1.004079804898004857e+00
1.006753354729549743e+00
1.008269576755105090e+00
1.004677299871849616e+00
1.006651044500865844e+00
1.016071336297998284e+00
1.023927729380495144e+00
9.986047543920892888e-01
1.000199213204580051e+00
1.009516710471047629e+00
1.002351955238670378e+00
1.004066512364667485e+00
1.001602138996086078e+00
1.003238089060804139e+00
9.950916501724978991e-01
1.014592793306022589e+00
1.012806997266438858e+00
1.013919142077166047e+00
1.019925625362955168e+00
1.035821274528976099e+00
9.993871820335067380e-01
1.010429543749535641e+00
1.010438966429311192e+00
1.010448389110968348e+00
1.010457812020292945e+00
1.010467234701950101e+00
1.010476657613156526e+00
1.010486080522481123e+00
1.010495502974589233e+00
1.010504925883913829e+00
1.010514348565570986e+00
1.010523771476777410e+00
1.010533194156552961e+00
1.010542616838210117e+00
1.010552039747534714e+00
1.010561462429191870e+00
1.010570885340398295e+00
1.010580308020173845e+00
1.010589730701831002e+00
1.010599153381606552e+00
1.010608576292812755e+00
1.010617999202137574e+00
1.010627421883794730e+00
9.824534356216433340e-01
9.722473263820550216e-01
1.021417769157055844e+00
1.038666675240325521e+00
9.968689966741066666e-01
1.013486226891965103e+00
1.000257539579772592e+00
1.018048747442504398e+00
1.010670891243128811e+00
1.019889209574289746e+00
1.044411454878798828e+00
1.039593378861169981e+00
1.022499812294144439e+00
1.020474909842095101e+00
1.020232247650963986e+00
1.020223548514928913e+00
1.022344768346529431e+00
1.011988263911988373e+00
1.023125942382951514e+00
1.005508112856625891e+00
1.029228676805888920e+00
1.014495334040564689e+00
1.036246285871083028e+00
1.041542052552868247e+00
1.027215826833828283e+00
1.077916474133677305e+00
1.056939320832029239e+00
1.042240351283947319e+00
1.045555655157860198e+00
1.053330052234897174e+00
1.054238029064732185e+00
1.042185420069856150e+00
1.016324406519364842e+00
1.041759596246652375e+00
1.053361551893905013e+00
1.035487925484485316e+00
1.032892998725463807e+00
1.043015529930890084e+00
1.030262896028581565e+00
1.030347750065157886e+00
1.030432604101733984e+00
1.030517456054258929e+00
1.030602310090835028e+00
1.030687159976252598e+00
1.025676737030673191e+00
1.029550254849014967e+00
1.017020043454349487e+00
1.026635991372647716e+00
1.021074989381288489e+00
1.023438645283602177e+00
1.031236586082491691e+00
1.028621717210416175e+00
1.021179600698729040e+00
1.014399970626824521e+00
1.041754013648459321e+00
1.029207117802478644e+00
1.043648291819621043e+00
1.006297113307513813e+00
1.012180786863499327e+00
1.023340205869147868e+00
1.020000328661972766e+00
1.021801822125324000e+00
1.033706484183024354e+00
1.022155690735220057e+00
1.040725910696759460e+00
1.054805080630647485e+00
1.033520768775122001e+00
1.013126975148789688e+00
1.016904086524273554e+00
1.016788798229179669e+00
1.016673512765615017e+00
1.016558227279029669e+00
1.016442938983935784e+00
1.016327653520371133e+00
1.016212365225277248e+00
1.016097079761712596e+00
1.015981794275127248e+00
1.015866505980033363e+00
1.015751220516468711e+00
1.015635932221374826e+00
1.015520649566318934e+00
1.015405361271224827e+00
1.015290075784639701e+00
1.015174787512566290e+00
1.015059499217472405e+00
1.014944213753907754e+00
1.014828928267322627e+00
1.014713642780737279e+00
1.014598354508663869e+00
1.014483069022078743e+00
1.014367780750005332e+00
1.014252495263420206e+00
1.014137209776834858e+00
1.014021921504761448e+00
1.013906636018176322e+00
1.013791347746102911e+00
1.013676062259517785e+00
1.013560776772932437e+00
1.013445488500859026e+00
1.013330203014273900e+00
1.013214914742200490e+00
1.013099629255615364e+00
1.012984343769030238e+00
1.012869058305465586e+00
1.012753770010371479e+00
1.012638481738298069e+00
1.012523196251712942e+00
1.012407910765127816e+00
1.032582368988563148e+00
1.122148655982234455e+00
1.138605420617148312e+00
9.747339531368545140e-01
1.057972689381131648e+00
1.001774090498437353e+00
9.959178990396234665e-01
1.018960738092304474e+00
1.022894262029430568e+00
1.033694804036069170e+00
1.035157128502332879e+00
1.047656610365772512e+00
1.060962907004761036e+00
1.006624987998244514e+00
1.037983840738552876e+00
1.025566688956055295e+00
1.021003531730651837e+00
1.012875275429387933e+00
1.024435884997304314e+00
1.020749806462023956e+00
1.020625126346520029e+00
1.020995911388073329e+00
1.021366678290389185e+00
1.021737463331942486e+00
1.022108248373495787e+00
1.022479033341011423e+00
1.022849800317364943e+00
1.023220585284880579e+00
1.023591370326434102e+00
1.023962137228749736e+00
1.024332922270303259e+00
1.024703707311856560e+00
1.025074474214172415e+00
1.025445259255725716e+00
1.025816044223241352e+00
1.026186829264794653e+00
1.026557596241148174e+00
1.026928381208663810e+00
1.027299148185017330e+00
1.027669933152532966e+00
1.028040718194086267e+00
1.028411485170439787e+00
1.028782270137955424e+00
1.029153055179508947e+00
1.029523840147024361e+00
1.029894607123378103e+00
1.030265392164931404e+00
1.030636177132447040e+00
1.031006944108800560e+00
1.031377729076316196e+00
1.031748514117869497e+00
1.032119299159422798e+00
1.032490066061738654e+00
1.032860851103291955e+00
1.033231636070807591e+00
1.033602403047161111e+00
1.033973188088714412e+00
1.034343954991030268e+00
1.034714740032583791e+00
1.035085525000099205e+00
1.035456310041652728e+00
1.035827077018006248e+00
1.036197861985521884e+00
1.036568647027075185e+00
1.036939413929391041e+00
1.037310198970944342e+00
1.037680984012497643e+00
1.038051768980013279e+00
1.038422535956366799e+00
1.038793320923882435e+00
1.039164105965435736e+00
1.039534872941789256e+00
1.052279325814349686e+00
1.040034541997071571e+00
1.041248599818081599e+00
1.071852215156425592e+00
1.027354807975169537e+00
1.028932199671265924e+00
1.046636171223010114e+00
1.047073762697567245e+00
1.041341651509322563e+00
1.040381997543493142e+00
1.030848929227627053e+00
1.023981162323823302e+00
1.052012367162725726e+00
1.035875961592201522e+00
1.021034207263282312e+00
1.015460185257053949e+00
1.040591424586049030e+00
9.934814246342045241e-01
1.113592107676004028e+00
1.075363844435969440e+00
9.346554937895429349e-01
9.833575436169246231e-01
1.037963220903251438e+00
1.016850623001480436e+00
9.982317947219310206e-01
1.049931096434204125e+00
1.057462394614205436e+00
1.024193716826734324e+00
9.487969444189956469e-01
8.112929029311645168e-01
1.275268725754856280e+00
1.704984100627979782e+00
2.594090942895090901e+00
