7.378863514346833963e-01
8.433931790283230034e-01
8.899985356752695420e-01
8.969458068451835464e-01
9.639829754574098519e-01
9.002770531440748014e-01
8.908481040466441625e-01
9.030721849183648287e-01
9.067564526281078896e-01
8.818184136619655611e-01
8.788726947432604630e-01
8.880755687053912828e-01
8.833991263198951449e-01
9.052999497621716518e-01
9.202400855070665964e-01
9.179166127776643425e-01
9.374413781363807319e-01
9.472107799706361853e-01
9.384462559004452809e-01
9.127637547087876779e-01
9.215224093398853844e-01
9.075924983504745081e-01
9.226853376054985345e-01
9.052103648502988209e-01
9.038063371235840471e-01
9.042443629876665279e-01
9.059965402785623567e-01
9.058615668636207374e-01
9.301373946522769609e-01
9.131730666436811417e-01
9.108214031328647486e-01
9.024550923985480422e-01
9.055909285594720970e-01
9.201329025950241158e-01
9.191081098878705058e-01
9.075170113004172867e-01
9.245165728175527287e-01
9.189059324477074631e-01
9.155888925398445455e-01
9.211471352551772185e-01
9.209576910319521303e-01
9.133607805163043158e-01
9.145585773595795720e-01
9.283543976457325764e-01
9.213141665886728227e-01
9.209896951080012162e-01
9.175914409436560781e-01
9.141007724821454961e-01
9.170633776555925376e-01
9.191624979085225577e-01
9.178754214355742125e-01
9.181234723617555105e-01
9.097230235574047530e-01
9.029330227268121956e-01
9.198748980348419035e-01
9.091993766797560328e-01
9.365544841992303748e-01
9.294952528928789315e-01
9.300546988589367681e-01
9.394255505702870934e-01
9.496538433902653731e-01
9.360909168357544052e-01
9.333642688441510238e-01
9.315529995566275145e-01
9.338497037993188643e-01
9.313841583690767312e-01
9.491430761209148637e-01
9.439101645881080582e-01
9.328050297395608093e-01
9.325895405463414667e-01
9.302874031770878016e-01
9.403262987258318439e-01
9.387047225490341429e-01
9.384463620978209519e-01
9.390058081755894293e-01
9.395652405129579776e-01
9.401246865907263439e-01
9.406841325567841805e-01
9.412435786345525468e-01
9.360328887209545812e-01
9.375420726500276469e-01
9.388897179482562638e-01
9.394218798206017684e-01
9.438780261872760091e-01
9.481598393264489832e-01
9.562203771490322968e-01
9.592316334168319303e-01
9.517177250050320447e-01
9.543803860774625614e-01
9.622012587932520233e-01
9.574976446666156882e-01
9.501789052947476888e-01
9.526995184524775784e-01
9.602957952421904420e-01
9.544460859098542471e-01
9.613163370077610903e-01
9.631272298411150956e-01
9.600659835973995859e-01
9.706917473459140133e-01
9.684458820145377400e-01
9.683224892089394853e-01
9.772574272571517007e-01
9.931462437507793117e-01
9.706994215256903313e-01
9.557891346533576860e-01
9.563485806194155225e-01
9.569080266971839999e-01
9.574674658488971923e-01
9.580269119266655586e-01
9.585863580044340360e-01
9.591458039704918725e-01
9.597052500482602388e-01
9.602646960143180754e-01
9.608241352777417976e-01
9.613835813555102749e-01
9.619430273215681115e-01
9.681442464001326353e-01
9.790930506516595244e-01
9.820551076326127227e-01
9.753613317744415090e-01
9.763784985362803370e-01
9.803248257591085091e-01
9.762395920716980813e-01
9.695482876206591438e-01
9.713734918910091887e-01
9.670151414783892951e-01
9.676555665979016396e-01
9.688249653559587449e-01
9.671928855060037966e-01
9.693348138449782159e-01
9.745990121080666535e-01
9.714708382126756581e-01
9.711176566327859305e-01
9.718715634558057204e-01
9.732030311172880088e-01
9.723593975587518923e-01
9.727885031237216706e-01
9.742507991410100932e-01
9.748102520331232146e-01
9.753696911848364071e-01
9.759291304482602403e-01
9.764885833403732507e-01
9.770480224920864432e-01
9.776074753841994536e-01
9.781669145359126460e-01
9.787263537993364793e-01
9.792858066914494897e-01
9.798452458431626821e-01
9.804046987352758036e-01
9.809641378869889961e-01
9.815235771504127182e-01
9.820830164138364404e-01
9.826424691942390321e-01
9.832019084576627543e-01
9.837613612380652350e-01
9.843208005014889572e-01
9.848802397649127904e-01
9.854396925453152711e-01
9.848376149303627036e-01
9.954506855842202295e-01
9.900967774655801135e-01
9.811765368744495008e-01
9.893822186725035328e-01
9.915315834128864969e-01
9.855323185107868200e-01
9.866409624987391158e-01
9.779672102489580521e-01
9.854261250667281091e-01
9.833049112969575178e-01
9.820265258883056347e-01
9.830809032295254601e-01
9.863806600434941174e-01
9.865318020851913117e-01
9.840378288573731203e-01
9.862066328241865243e-01
9.966530128713111392e-01
9.994212905154030713e-01
9.701749386713106604e-01
9.773892994351017771e-01
9.896216048816101063e-01
9.814617994011707314e-01
9.844820508294200856e-01
9.845604867129118531e-01
9.868332697259488695e-01
9.807006185401951903e-01
9.996557874299063506e-01
9.975678928556032110e-01
9.963697970987039909e-01
1.009620049633939809e+00
1.022836173358827150e+00
9.869567880121169479e-01
1.004460803222446685e+00
1.005020242374159878e+00
1.005579681637583711e+00
1.006139134417986192e+00
1.006698573681409803e+00
1.007258026573522924e+00
1.007817479353925405e+00
1.008376904988659950e+00
1.008936357769062431e+00
1.009495797032486042e+00
1.010055249924599163e+00
1.010614689076312356e+00
1.011174128339736189e+00
1.011733581120138670e+00
9.023807382337962757e-01
1.001519127538355480e+00
9.818459796377172477e-01
1.030465347560147737e+00
1.054673068220219223e+00
1.038297711700835180e+00
1.003784369234038687e+00
9.818245850207859560e-01
9.763951866184318318e-01
9.704136331943844507e-01
1.029869447959389062e+00
1.053439424398918023e+00
9.915296630206583695e-01
1.016966794964855758e+00
9.962409824023228389e-01
1.019288809344469193e+00
1.008831647490349148e+00
1.018696924890540867e+00
1.053792239756945692e+00
1.037596080120192443e+00
1.028718774248760681e+00
1.026792232103723279e+00
1.027501261681749600e+00
1.027793621928046575e+00
1.030968846514939807e+00
1.023255264268832843e+00
1.031405675605278072e+00
1.017767575996489482e+00
1.040735930051944758e+00
1.025038762661280911e+00
1.048238891271842776e+00
1.053548254679796292e+00
1.040984668594616913e+00
1.088712912487548534e+00
1.063778562542726291e+00
1.052663803545384136e+00
1.053747396657995550e+00
1.064082447216250227e+00
1.062210822569989332e+00
1.049285797854566216e+00
1.019921698933519361e+00
1.050091842268591646e+00
1.062141666175282717e+00
1.039524888766416133e+00
1.044401775647697983e+00
1.057864333329749718e+00
1.038027456066272780e+00
1.038586908958385902e+00
1.039146361850498801e+00
1.039705801002211993e+00
1.040265253894325115e+00
1.040824679417349019e+00
1.043038592435797662e+00
1.042303731973672098e+00
1.028146521719373707e+00
1.040545635800192104e+00
1.040014365837909516e+00
1.047089604127187101e+00
1.047801759746525230e+00
1.046210689592762311e+00
1.040971595594825327e+00
1.031072999704309545e+00
1.058503415588176289e+00
1.047185353138252673e+00
1.065802443558842683e+00
1.025475637022962738e+00
1.040120930135733701e+00
1.051868247562366854e+00
1.050173403693044794e+00
1.049024593696354257e+00
1.069755061204554547e+00
1.051798913378349631e+00
1.081612446100613800e+00
1.095282669201399717e+00
1.077522269268481603e+00
1.047232485125813461e+00
1.054810796172730436e+00
1.055370249064843335e+00
1.055929688216556528e+00
1.056489127479980361e+00
1.057048580372093483e+00
1.057608019523806675e+00
1.058167472415919796e+00
1.058726911567632989e+00
1.059286350831056600e+00
1.059845803723169722e+00
1.060405242874882914e+00
1.060964695766996035e+00
1.061524121290019940e+00
1.062083574182132839e+00
1.062643013445556672e+00
1.063202466225959153e+00
1.063761919118072274e+00
1.064321358269785467e+00
1.064880797533209300e+00
1.065440236796632911e+00
1.065999689577035392e+00
1.066559128840459225e+00
1.067118581620861706e+00
1.067678020884285539e+00
1.068237460147709150e+00
1.068796912928111631e+00
1.069356352191535464e+00
1.069915804971937945e+00
1.070475244235361778e+00
1.071034683498785611e+00
1.071594136279188092e+00
1.072153575542611703e+00
1.072713028323014184e+00
1.073272467586438017e+00
1.073831906849861850e+00
1.074391346001575043e+00
1.074950798893687942e+00
1.075510251674090423e+00
1.076069690937514256e+00
1.076629130200938089e+00
1.120144774596772308e+00
1.247146827056306195e+00
1.260111616986494543e+00
1.028334223445987572e+00
1.144720507153274891e+00
1.062197784910206888e+00
1.049492888203426677e+00
1.092914114023025185e+00
1.103660021477815167e+00
1.118668573034209190e+00
1.115565114335925312e+00
1.142356264608657801e+00
1.147028456928371298e+00
1.071226245830736890e+00
1.122167928904097556e+00
1.094885254539016195e+00
1.084361741692138059e+00
1.075915112060921608e+00
1.095215723924754636e+00
1.089237594135416654e+00
1.092531786873445432e+00
1.092721680258670558e+00
1.085751653094217062e+00
1.107125068371405119e+00
1.100634447251195969e+00
1.106586744126182520e+00
1.095589217219211653e+00
1.088170522233928184e+00
1.090248259059795943e+00
1.094723135618948406e+00
1.096468116485418864e+00
1.102795692157998442e+00
1.090936628413124554e+00
1.090159933014681171e+00
1.100251238134373866e+00
1.076490690893836755e+00
1.082450982982028576e+00
1.091190132119715273e+00
1.098047912322205111e+00
1.082524187567703633e+00
1.083026328416633266e+00
1.089092517394618875e+00
1.080297538767120535e+00
1.079162362631798766e+00
1.082309203998030434e+00
1.078415012136717976e+00
1.083082560763232616e+00
1.086796135616597381e+00
1.088688419109061112e+00
1.095093823931564625e+00
1.097066555387157027e+00
1.100796104669595099e+00
1.109536046911225426e+00
1.109080537563744917e+00
1.126359925632513637e+00
1.122295776280564317e+00
1.116195584125684981e+00
1.123178979343159245e+00
1.137548039456555804e+00
1.122391645824294848e+00
1.131308023551607977e+00
1.120043330579712393e+00
1.112756684187045320e+00
1.102084605610230472e+00
1.117298300472378880e+00
1.141912236350741239e+00
1.117211584023615645e+00
1.128707584384589735e+00
1.137440690412130140e+00
1.149722423078662903e+00
1.126936835839271067e+00
1.149044082542878709e+00
1.122816683626767453e+00
1.110333443240088203e+00
1.126382814574850011e+00
1.171952198843771331e+00
1.102559213686976403e+00
1.116319140647032748e+00
1.140668128475223586e+00
1.118536255895849818e+00
1.103748992311215815e+00
1.108824491977387305e+00
1.134167824338842667e+00
1.121337160901058283e+00
1.161723367686770203e+00
1.100511335328892448e+00
1.089752775906371429e+00
1.099673835664580324e+00
1.184125553604891357e+00
1.031676666918728946e+00
1.179694076166304839e+00
1.130824541626264113e+00
1.002385005388540584e+00
1.083621145385442963e+00
1.123758448523642928e+00
1.103239377756812800e+00
1.059508433541190842e+00
1.160541571973485508e+00
1.159680337551062479e+00
1.125321119477260101e+00
1.044937161294271721e+00
8.752013984370111688e-01
1.417091525759270887e+00
1.812912709441668602e+00
2.842728611498641200e+00
